100310
120357
120357
100122
100283
105375
105430
120516
120497
105430
120516
105425
100114
105353
105353
105353
105353
120497
120497
120497
105375
120368
120591
120591
120591
120512
120512
120512
105306
120383
120383
105422
105422
120632
120632
105427
105427
105306
120094
120073
104044
120582
130249
105430
120497
105147
105353
120582
120582
105353
120582
120582
105353
105353
105353
120497
120497
120368
120589
130224
120568
130090
130090
105425
105425
120497
120497
105353
105353
105272
120497
120497
120497
120497
120497
120582
105272
120497
105353
120582
105272
120516
120516
120568
105422
105422
105422
120589
105422
120589
120368
105306
120368
120368
130224
120632
105427
130224
120512
120512
105422
120368
120383
105427
130224
130224
130224
120591
120094
120094
120568
105422
120589
120632
140181
140137
140251
140196
100313
150049
150048
140157
150270
150014
150058
150220
140057
150208
140325
150200
140323
140391
150453
120516
120516
105147
105147
105147
105430
105425
120590
120590
120633
120633
120631
120631
150188
140196
140196
130310
130310
120095
130149
150214
150048
150048
150270
120119
160041
160007
150014
150014
150270
150275
170001
150200
140251
140251
150208
150208
140379
170017
170117
150275
120262
120321
150060
150060
150060
150060
150060
150214
150214
150275
150122
140325
140325
140261
170126
160122
160041
160041
150200
150363
160007
160007
150073
120221
160092
160023
160023
170034
140386
160086
160086
160086
160086
160086
160086
160092
160092
160086
170097
160112
170091
170162
140323
140057
150208
150277
170065
170095
170095
170136
150201
150073
160058
170008
170183
102080
170183
170058
150385
170001
150200
160082
150453
150453
150453
160198
170126
170126
170001
150220
150220
150220
150220
150200
140181
170008
170162
170180
130279
160052
150413
160052
170117
150453
160278
160278
140261
140261
140261
140261
170183
170183
180167
170095
150014
150049
140277
140379
140277
120590
190018
120633
120633
120590
140400
160278
140400
140400
120631
120633
190320
190371
140386
140400
180276
120631
120633
120590
120590
120119
120262
120262
120262
120262
120321
190092
190092
190092
180133
180133
180133
180133
170287
180028
170206
170216
180337
190018
190018
190018
190018
190018
190018
190018
190018
140147
140389
170230
140389
140156
140381
170220
170220
170220
170251
170251
170251
180341
180058
180058
170223
140214
140160
140077
180316
190090
180289
180268
180351
190102
190082
180319
180319
190108
190001
190001
190077
180264
180185
190204
180061
140361
180061
180144
190035
180171
180170
180345
190290
190041
180342
190181
190177
190175
190321
190085
180087
190004
190163
190035
190304
190300
190212
190327
150263
140332
190405
190162
180165
190143
180247
150046
150050
150464
190115
190409
190409
180356
190173
190198
150052
140399
180337
150186
150061
150368
200006
190364
180109
190384
200174
180171
160101
150046
150046
150046
150123
160046
150434
160276
140332
140332
150036
160069
150263
150263
170046
140214
140214
150312
160246
160283
150266
150124
190016
190016
190110
190397
170244
180123
180351
190324
200197
190161
150451
150186
150186
160085
160085
190035
180356
200325
180342
200328
180170
160101
190342
180125
190289
150061
150061
150368
150368
150123
150123
160046
160046
200049
200049
170032
170207
190313
180337
190043
200306
180330
180330
180321
200236
190352
190352
180061
180061
180039
180039
180039
190029
180068
180068
180068
200236
210014
200207
200207
190230
200286
210070
200062
190409
210190
180345
180341
210188
170020
200090
210090
190339
180144
200226
180162
170040
180330
200267
200049
210107
190185
170102
140298
160105
160105
150105
160085
160085
160085
150346
160069
160069
200051
200213
190313
200257
200052
180285
210107
200185
200006
210276
170206
190384
210278
210277
210272
210280
210281
220004
180351
210284
180200
180200
160246
160246
160270
160270
160270
200317
160270
200172
190401
180151
180151
180023
170032
190393
210048
190374
160252
180025
170049
210038
210170
170222
180198
210091
190261
190323
200226
200270
200232
210184
200183
190251
200309
180039
180039
180039
180039
140389
140297
150434
180145
180228
150105
180102
200321
180349
180349
200105
220101
220096
190377
220096
180155
170011
180041
200322
220123
200105
170234
160252
160252
180339
180115
190304
220131
220099
200046
200286
200286
190035
180112
170234
160252
160252
210199
210199
200257
200049
200049
200049
180122
150036
150036
150036
150469
150469
160280
160280
140178
180046
180052
160264
170217
170217
150124
170043
200172
200286
190004
180123
210026
180072
210238
180155
160264
180005
180053
150097
180045
190381
180039
190345
190003
210240
180351
190345
220239
210091
220241
190090
190173
180352
190198
180341
220042
160105
150452
160203
140147
140147
140147
140147
140147
140147
180168
160280
150469
180352
220007
180342
210188
190181
190181
190173
180162
140399
150434
150124
150266
150266
160283
160283
180185
190041
190043
140366
140366
140389
140389
140361
200286
190181
190181
150464
170146
140389
170234
170234
170234
190181
150038
180210
170234
170234
160280
180162
170032
190311
190152
180332
180332
220103
230037
190026
220147
180025
170127
140095
170207
170207
170207
210124
220179
220231
190026
180069
140366
170234
140147
180162
150469
140361
140381
180168
180033
140381
140347
180210
170049
180033
170146
150013
220009
220009
220129
220167
210035
220254
220254
200194
200194
210097
170220
170220
170220
140178
140178
140178
140156
140156
140156
170220
180171
190003
180171
170183
190345
190345
170244
190043
220015
190311
200077
180330
190405
190261
180330
190405
180330
180111
190261
200160
220179
210152
200219
210011
210011
210011
190339
210011
210011
140156
140156
140156
160270
210011
210011
210011
210021
210011
220210
190352
190352
190352
190352
190352
180039
180162
140381
140389
160105
140389
180039
210253
190016
190016
190016
190016
180115
200266
210199
210026
210130
170222
200041
200041
180087
180087
180087
180144
210120
200321
210230
160280
150464
220201
210002
190300
200260
190379
230054
180171
180349
230148
230171
190161
190339
190339
190339
190339
140361
140332
180200
190339
190339
190339
190339
180144
210028
230083
180200
180200
180200
180200
140347
160280
160270
230030
230124
200084
230077
140156
180102
170046
170046
170046
170046
170046
170046
170046
170046
230131
180185
180185
230053
190181
230131
230120
230131
190251
220147
140361
160105
180162
140389
140381
170146
160116
180150
180301
180301
180301
200219
210183
210101
180150
160116
160116
180283
180341
180342
190409
190304
220131
220239
200006
200062
180266
180267
180350
180350
180353
180353
180359
190065
180250
180331
210188
190085
190085
220032
180245
180245
180245
180245
180245
190325
180298
180348
210277
200286
200286
200286
180343
180346
180344
190126
190347
190272
190318
190105
190068
190406
190406
180340
190207
200108
200028
200005
190375
190288
200175
200177
200176
190398
180346
190283
200110
190362
180320
190131
190027
180308
180307
200192
200265
190207
180343
180344
180353
190182
200326
200329
200330
200037
200019
180288
190319
210071
190099
200316
200025
200289
210056
210187
180348
210185
210189
200035
210200
210198
190222
190178
190178
200271
180258
210180
210056
200099
190099
210118
190144
210219
200029
200204
200108
200181
190105
200212
200222
190027
180308
190176
180257
180340
210269
210132
210275
210175
190398
210271
180346
210274
210279
200108
210283
180344
180353
220003
200330
200329
190025
190103
180282
200021
210108
210004
180338
210260
180318
190088
200177
180318
200181
190057
190382
210138
190362
190362
190362
200319
200319
200069
190103
160116
210142
200204
210040
220012
190132
200019
220056
190325
220033
200158
200158
200206
200206
200069
200050
200050
200050
180359
220100
220100
190413
200175
190413
180313
180313
200086
210117
210117
220132
190244
190244
210154
210121
220069
180272
220070
220126
220058
180272
220058
210285
220006
160116
200007
200069
220208
220031
210274
220061
190284
180353
220244
210259
220225
190389
220238
190068
220242
210200
220236
180343
220247
220240
180340
220044
210243
200069
190065
190280
200308
200069
200069
200069
190389
210282
210168
230033
220126
220069
210098
230088
220169
210056
220018
220151
190344
200059
180257
200035
200035
190347
210076
180250
190297
220108
220108
220108
220108
180283
200017
210039
210039
210039
210039
210039
220089
200297
200308
200138
190370
220014
220014
200231
220085
200069
210285
230058
210121
210175
230040
210194
220228
220018
220238
190178
200069
210132
210180
180344
190182
230170
190318
220166
230055
200271
210241
210241
180313
230070
200017
210142
210142
210213
220078
230079
210142
210117
220151
220053
210122
190088
200329
190398
190274
210033
200308
180343
180340
180258
180307
210200
200265
210275
200289
210185
220253
210187
230007
210213
200017
200017
200017
180308
200005
